2012-12-01,1,7.0,1354320000000
2012-12-01,2,6.0,1354323600000
2012-12-01,3,7.0,1354327200000
2012-12-01,4,6.0,1354330800000
2012-12-01,5,7.0,1354334400000
2012-12-01,6,6.0,1354338000000
2012-12-01,7,7.0,1354341600000
2012-12-01,8,11.0,1354345200000
2012-12-01,9,8.0,1354348800000
2012-12-01,10,7.0,1354352400000
2012-12-01,11,7.0,1354356000000
2012-12-01,12,7.0,1354359600000
2012-12-01,13,6.0,1354363200000
2012-12-01,14,6.0,1354366800000
2012-12-01,15,7.0,1354370400000
2012-12-01,16,6.0,1354374000000
2012-12-01,17,6.0,1354377600000
2012-12-01,18,8.0,1354381200000
2012-12-01,19,5.0,1354384800000
2012-12-01,20,6.0,1354388400000
2012-12-01,21,5.0,1354392000000
2012-12-01,22,5.0,1354395600000
2012-12-01,23,5.0,1354399200000
2012-12-02,0,5.0,1354402800000
2012-12-02,1,4.0,1354406400000
2012-12-02,2,5.0,1354410000000
2012-12-02,3,6.0,1354413600000
2012-12-02,4,5.0,1354417200000
2012-12-02,5,5.0,1354420800000
2012-12-02,6,5.0,1354424400000
2012-12-02,7,7.0,1354428000000
2012-12-02,8,6.0,1354431600000
2012-12-02,9,10.0,1354435200000
2012-12-02,10,5.0,1354438800000
2012-12-02,11,5.0,1354442400000
2012-12-02,12,6.0,1354446000000
2012-12-02,13,5.0,1354449600000
2012-12-02,14,5.0,1354453200000
2012-12-02,15,6.0,1354456800000
2012-12-02,16,6.0,1354460400000
2012-12-02,17,7.0,1354464000000
2012-12-02,18,11.0,1354467600000
2012-12-02,19,7.0,1354471200000
2012-12-02,20,13.0,1354474800000
2012-12-02,21,8.0,1354478400000
2012-12-02,22,7.0,1354482000000
2012-12-02,23,6.0,1354485600000
2012-12-03,0,7.0,1354489200000
2012-12-03,1,6.0,1354492800000
2012-12-03,2,7.0,1354496400000
2012-12-03,3,6.0,1354500000000
2012-12-03,4,8.0,1354503600000
2012-12-03,5,7.0,1354507200000
2012-12-03,6,14.0,1354510800000
2012-12-03,7,7.0,1354514400000
2012-12-03,8,6.0,1354518000000
2012-12-03,9,7.0,1354521600000
2012-12-03,10,6.0,1354525200000
2012-12-03,11,7.0,1354528800000
2012-12-03,12,6.0,1354532400000
2012-12-03,13,6.0,1354536000000
2012-12-03,14,6.0,1354539600000
2012-12-03,15,13.0,1354543200000
2012-12-03,16,7.0,1354546800000
2012-12-03,17,6.0,1354550400000
2012-12-03,18,7.0,1354554000000
2012-12-03,19,9.0,1354557600000
2012-12-03,20,9.0,1354561200000
2012-12-03,21,7.0,1354564800000
2012-12-03,22,6.0,1354568400000
2012-12-03,23,6.0,1354572000000
2012-12-04,0,6.0,1354575600000
2012-12-04,1,7.0,1354579200000
2012-12-04,2,7.0,1354582800000
2012-12-04,3,7.0,1354586400000
2012-12-04,4,6.0,1354590000000
2012-12-04,5,7.0,1354593600000
2012-12-04,6,14.0,1354597200000
2012-12-04,7,7.0,1354600800000
2012-12-04,8,5.0,1354604400000
2012-12-04,9,8.0,1354608000000
2012-12-04,10,8.0,1354611600000
2012-12-04,11,6.0,1354615200000
2012-12-04,12,7.0,1354618800000
2012-12-04,13,7.0,1354622400000
2012-12-04,14,7.0,1354626000000
2012-12-04,15,7.0,1354629600000
2012-12-04,16,13.0,1354633200000
2012-12-04,17,6.0,1354636800000
2012-12-04,18,6.0,1354640400000
2012-12-04,19,8.0,1354644000000
2012-12-04,20,7.0,1354647600000
2012-12-04,21,9.0,1354651200000
2012-12-04,22,7.0,1354654800000
2012-12-04,23,7.0,1354658400000
2012-12-05,0,7.0,1354662000000
2012-12-05,1,7.0,1354665600000
2012-12-05,2,7.5,1354669200000
2012-12-05,3,7.5,1354672800000
2012-12-05,4,7.0,1354676400000
2012-12-05,5,13.0,1354680000000
2012-12-05,6,12.0,1354683600000
2012-12-05,7,7.0,1354687200000
2012-12-05,8,8.0,1354690800000
2012-12-05,9,7.0,1354694400000
2012-12-05,10,6.0,1354698000000
2012-12-05,11,7.0,1354701600000
2012-12-05,12,7.0,1354705200000
2012-12-05,13,6.0,1354708800000
2012-12-05,14,7.0,1354712400000
2012-12-05,15,6.0,1354716000000
2012-12-05,16,6.0,1354719600000
2012-12-05,17,8.0,1354723200000
2012-12-05,18,10.0,1354726800000
2012-12-05,19,6.0,1354730400000
2012-12-05,20,6.0,1354734000000
2012-12-05,21,7.0,1354737600000
2012-12-05,22,6.0,1354741200000
2012-12-05,23,5.0,1354744800000
2012-12-06,0,6.0,1354748400000
2012-12-06,1,5.0,1354752000000
2012-12-06,2,7.0,1354755600000
2012-12-06,3,6.0,1354759200000
2012-12-06,4,5.0,1354762800000
2012-12-06,5,12.0,1354766400000
2012-12-06,6,12.0,1354770000000
2012-12-06,7,7.0,1354773600000
2012-12-06,8,6.0,1354777200000
2012-12-06,9,5.5,1354780800000
2012-12-06,10,5.5,1354784400000
2012-12-06,11,6.0,1354788000000
2012-12-06,12,6.0,1354791600000
2012-12-06,13,6.0,1354795200000
2012-12-06,14,6.0,1354798800000
2012-12-06,15,6.0,1354802400000
2012-12-06,16,6.0,1354806000000
2012-12-06,17,6.0,1354809600000
2012-12-06,18,6.0,1354813200000
2012-12-06,19,5.0,1354816800000
2012-12-06,20,5.0,1354820400000
2012-12-06,21,6.0,1354824000000
2012-12-06,22,6.0,1354827600000
2012-12-06,23,5.0,1354831200000
2012-12-07,0,6.0,1354834800000
2012-12-07,1,5.0,1354838400000
2012-12-07,2,6.0,1354842000000
2012-12-07,3,6.0,1354845600000
2012-12-07,4,6.0,1354849200000
2012-12-07,5,11.0,1354852800000
2012-12-07,6,11.0,1354856400000
2012-12-07,7,6.0,1354860000000
2012-12-07,8,6.0,1354863600000
2012-12-07,9,5.0,1354867200000
2012-12-07,10,6.0,1354870800000
2012-12-07,11,5.0,1354874400000
2012-12-07,12,5.0,1354878000000
2012-12-07,13,5.0,1354881600000
2012-12-07,14,6.0,1354885200000
2012-12-07,15,5.0,1354888800000
2012-12-07,16,6.0,1354892400000
2012-12-07,17,6.0,1354896000000
2012-12-07,18,6.0,1354899600000
2012-12-07,19,4.0,1354903200000
2012-12-07,20,7.0,1354906800000
2012-12-07,21,5.0,1354910400000
2012-12-07,22,4.0,1354914000000
2012-12-07,23,5.0,1354917600000
2012-12-08,0,4.0,1354921200000
2012-12-08,1,5.0,1354924800000
2012-12-08,2,4.0,1354928400000
2012-12-08,3,5.0,1354932000000
2012-12-08,4,4.0,1354935600000
2012-12-08,5,4.0,1354939200000
2012-12-08,6,5.0,1354942800000
2012-12-08,7,10.0,1354946400000
2012-12-08,8,11.0,1354950000000
2012-12-08,9,5.0,1354953600000
2012-12-08,10,6.0,1354957200000
2012-12-08,11,5.0,1354960800000
2012-12-08,12,4.0,1354964400000
2012-12-08,13,4.0,1354968000000
2012-12-08,14,5.0,1354971600000
2012-12-08,15,4.0,1354975200000
2012-12-08,16,5.0,1354978800000
2012-12-08,17,5.0,1354982400000
2012-12-08,18,6.0,1354986000000
2012-12-08,19,5.0,1354989600000
2012-12-08,20,5.0,1354993200000
2012-12-08,21,6.0,1354996800000
2012-12-08,22,5.0,1355000400000
2012-12-08,23,5.0,1355004000000
2012-12-09,0,4.0,1355007600000
2012-12-09,1,4.0,1355011200000
2012-12-09,2,4.0,1355014800000
2012-12-09,3,4.0,1355018400000
2012-12-09,4,4.0,1355022000000
2012-12-09,5,4.0,1355025600000
2012-12-09,6,4.0,1355029200000
2012-12-09,7,7.0,1355032800000
2012-12-09,8,4.0,1355036400000
2012-12-09,9,5.0,1355040000000
2012-12-09,10,5.0,1355043600000
2012-12-09,11,4.0,1355047200000
2012-12-09,12,7.0,1355050800000
2012-12-09,13,5.0,1355054400000
2012-12-09,14,3.0,1355058000000
2012-12-09,15,5.0,1355061600000
2012-12-09,16,3.0,1355065200000
2012-12-09,17,4.0,1355068800000
2012-12-09,18,3.0,1355072400000
2012-12-09,19,9.0,1355076000000
2012-12-09,20,3.0,1355079600000
2012-12-09,21,4.0,1355083200000
2012-12-09,22,3.0,1355086800000
2012-12-09,23,3.0,1355090400000
2012-12-10,0,3.0,1355094000000
2012-12-10,1,4.0,1355097600000
2012-12-10,2,4.0,1355101200000
2012-12-10,3,4.0,1355104800000
2012-12-10,4,5.0,1355108400000
2012-12-10,5,4.0,1355112000000
2012-12-10,6,9.0,1355115600000
2012-12-10,7,4.0,1355119200000
2012-12-10,8,4.0,1355122800000
2012-12-10,9,5.0,1355126400000
2012-12-10,10,4.0,1355130000000
2012-12-10,11,5.0,1355133600000
2012-12-10,12,4.0,1355137200000
2012-12-10,13,5.0,1355140800000
2012-12-10,14,5.0,1355144400000
2012-12-10,15,5.0,1355148000000
2012-12-10,16,5.0,1355151600000
2012-12-10,17,7.0,1355155200000
2012-12-10,18,5.0,1355158800000
2012-12-10,19,10.0,1355162400000
2012-12-10,20,9.0,1355166000000
2012-12-10,21,4.0,1355169600000
2012-12-10,22,5.0,1355173200000
2012-12-10,23,4.0,1355176800000
2012-12-11,0,5.0,1355180400000
2012-12-11,1,4.0,1355184000000
2012-12-11,2,5.0,1355187600000
2012-12-11,3,4.0,1355191200000
2012-12-11,4,5.0,1355194800000
2012-12-11,5,5.0,1355198400000
2012-12-11,6,12.0,1355202000000
2012-12-11,7,5.0,1355205600000
2012-12-11,8,5.0,1355209200000
2012-12-11,9,5.0,1355212800000
2012-12-11,10,5.0,1355216400000
2012-12-11,11,4.0,1355220000000
2012-12-11,12,6.0,1355223600000
2012-12-11,13,5.0,1355227200000
2012-12-11,14,5.0,1355230800000
2012-12-11,15,5.0,1355234400000
2012-12-11,16,7.0,1355238000000
2012-12-11,17,6.0,1355241600000
2012-12-11,18,6.0,1355245200000
2012-12-11,19,4.0,1355248800000
2012-12-11,20,5.0,1355252400000
2012-12-11,21,10.0,1355256000000
2012-12-11,22,4.0,1355259600000
2012-12-11,23,5.0,1355263200000
2012-12-12,0,5.0,1355266800000
2012-12-12,1,4.0,1355270400000
2012-12-12,2,5.0,1355274000000
2012-12-12,3,5.0,1355277600000
2012-12-12,4,4.0,1355281200000
2012-12-12,5,10.0,1355284800000
2012-12-12,6,9.0,1355288400000
2012-12-12,7,5.0,1355292000000
2012-12-12,8,5.0,1355295600000
2012-12-12,9,5.0,1355299200000
2012-12-12,10,5.0,1355302800000
2012-12-12,11,4.0,1355306400000
2012-12-12,12,4.0,1355310000000
2012-12-12,13,5.0,1355313600000
2012-12-12,14,4.0,1355317200000
2012-12-12,15,4.0,1355320800000
2012-12-12,16,5.0,1355324400000
2012-12-12,17,5.0,1355328000000
2012-12-12,18,9.0,1355331600000
2012-12-12,19,5.0,1355335200000
2012-12-12,20,4.0,1355338800000
2012-12-12,21,10.0,1355342400000
2012-12-12,22,4.0,1355346000000
2012-12-12,23,3.5,1355349600000
2012-12-13,0,3.5,1355353200000
2012-12-13,1,4.0,1355356800000
2012-12-13,2,4.0,1355360400000
2012-12-13,3,3.0,1355364000000
2012-12-13,4,4.0,1355367600000
2012-12-13,5,4.0,1355371200000
2012-12-13,6,10.0,1355374800000
2012-12-13,7,4.0,1355378400000
2012-12-13,8,3.0,1355382000000
2012-12-13,9,4.0,1355385600000
2012-12-13,10,3.0,1355389200000
2012-12-13,11,4.0,1355392800000
2012-12-13,12,3.0,1355396400000
2012-12-13,13,4.0,1355400000000
2012-12-13,14,4.0,1355403600000
2012-12-13,15,4.0,1355407200000
2012-12-13,16,4.0,1355410800000
2012-12-13,17,4.0,1355414400000
2012-12-13,18,4.0,1355418000000
2012-12-13,19,5.0,1355421600000
2012-12-13,20,4.0,1355425200000
2012-12-13,21,4.0,1355428800000
2012-12-13,22,4.0,1355432400000
2012-12-13,23,3.0,1355436000000
2012-12-14,0,4.0,1355439600000
2012-12-14,1,4.0,1355443200000
2012-12-14,2,4.0,1355446800000
2012-12-14,3,3.0,1355450400000
2012-12-14,4,4.0,1355454000000
2012-12-14,5,12.0,1355457600000
2012-12-14,6,8.0,1355461200000
2012-12-14,7,5.0,1355464800000
2012-12-14,8,4.0,1355468400000
2012-12-14,9,2.0,1355472000000
2012-12-14,10,0.0,1355475600000
2012-12-14,11,0.0,1355479200000
2012-12-14,12,0.0,1355482800000
2012-12-14,13,0.0,1355486400000
2012-12-14,14,0.0,1355490000000
2012-12-14,15,0.0,1355493600000
2012-12-14,16,0.0,1355497200000
2012-12-14,17,0.0,1355500800000
2012-12-14,18,0.0,1355504400000
2012-12-14,19,0.0,1355508000000
2012-12-14,20,0.0,1355511600000
2012-12-14,21,0.0,1355515200000
2012-12-14,22,0.0,1355518800000
2012-12-14,23,0.0,1355522400000
2012-12-15,0,0.0,1355526000000
2012-12-15,1,0.0,1355529600000
2012-12-15,2,0.0,1355533200000
2012-12-15,3,0.0,1355536800000
2012-12-15,4,0.0,1355540400000
2012-12-15,5,0.0,1355544000000
2012-12-15,6,0.0,1355547600000
2012-12-15,7,0.0,1355551200000
2012-12-15,8,0.0,1355554800000
2012-12-15,9,0.0,1355558400000
2012-12-15,10,0.0,1355562000000
2012-12-15,11,0.0,1355565600000
2012-12-15,12,0.0,1355569200000
2012-12-15,13,0.0,1355572800000
2012-12-15,14,0.0,1355576400000
2012-12-15,15,0.0,1355580000000
2012-12-15,16,0.0,1355583600000
2012-12-15,17,0.0,1355587200000
2012-12-15,18,0.0,1355590800000
2012-12-15,19,0.0,1355594400000
2012-12-15,20,0.0,1355598000000
2012-12-15,21,0.0,1355601600000
2012-12-15,22,0.0,1355605200000
2012-12-15,23,0.0,1355608800000
2012-12-16,0,0.0,1355612400000
2012-12-16,1,0.0,1355616000000
2012-12-16,2,0.0,1355619600000
2012-12-16,3,0.0,1355623200000
2012-12-16,4,0.0,1355626800000
2012-12-16,5,0.0,1355630400000
2012-12-16,6,0.0,1355634000000
2012-12-16,7,0.0,1355637600000
2012-12-16,8,0.0,1355641200000
2012-12-16,9,0.0,1355644800000
2012-12-16,10,0.0,1355648400000
2012-12-16,11,0.0,1355652000000
2012-12-16,12,0.0,1355655600000
2012-12-16,13,0.0,1355659200000
2012-12-16,14,0.0,1355662800000
2012-12-16,15,0.0,1355666400000
2012-12-16,16,0.0,1355670000000
2012-12-16,17,0.0,1355673600000
2012-12-16,18,0.0,1355677200000
2012-12-16,19,0.0,1355680800000
2012-12-16,20,0.0,1355684400000
2012-12-16,21,0.0,1355688000000
2012-12-16,22,0.0,1355691600000
2012-12-16,23,0.0,1355695200000
2012-12-17,0,0.0,1355698800000
2012-12-17,1,0.0,1355702400000
2012-12-17,2,0.0,1355706000000
2012-12-17,3,0.0,1355709600000
2012-12-17,4,0.0,1355713200000
2012-12-17,5,0.0,1355716800000
2012-12-17,6,0.0,1355720400000
2012-12-17,7,0.0,1355724000000
2012-12-17,8,0.0,1355727600000
2012-12-17,9,0.0,1355731200000
2012-12-17,10,0.0,1355734800000
2012-12-17,11,0.0,1355738400000
2012-12-17,12,0.0,1355742000000
2012-12-17,13,0.0,1355745600000
2012-12-17,14,0.0,1355749200000
2012-12-17,15,0.0,1355752800000
2012-12-17,16,0.0,1355756400000
2012-12-17,17,0.0,1355760000000
2012-12-17,18,0.0,1355763600000
2012-12-17,19,0.0,1355767200000
2012-12-17,20,0.0,1355770800000
2012-12-17,21,0.0,1355774400000
2012-12-17,22,0.0,1355778000000
2012-12-17,23,0.0,1355781600000
2012-12-18,0,0.0,1355785200000
2012-12-18,1,0.0,1355788800000
2012-12-18,2,0.0,1355792400000
2012-12-18,3,0.0,1355796000000
2012-12-18,4,0.0,1355799600000
2012-12-18,5,0.0,1355803200000
2012-12-18,6,0.0,1355806800000
2012-12-18,7,0.0,1355810400000
2012-12-18,8,0.0,1355814000000
2012-12-18,9,0.0,1355817600000
2012-12-18,10,0.0,1355821200000
2012-12-18,11,0.0,1355824800000
2012-12-18,12,0.0,1355828400000
2012-12-18,13,0.0,1355832000000
2012-12-18,14,0.0,1355835600000
2012-12-18,15,0.0,1355839200000
2012-12-18,16,0.0,1355842800000
2012-12-18,17,0.0,1355846400000
2012-12-18,18,0.0,1355850000000
2012-12-18,19,0.0,1355853600000
2012-12-18,20,0.0,1355857200000
2012-12-18,21,0.0,1355860800000
2012-12-18,22,0.0,1355864400000
2012-12-18,23,0.0,1355868000000
2012-12-19,0,0.0,1355871600000
2012-12-19,1,0.0,1355875200000
2012-12-19,2,0.0,1355878800000
2012-12-19,3,0.0,1355882400000
2012-12-19,4,0.0,1355886000000
2012-12-19,5,0.0,1355889600000
2012-12-19,6,0.0,1355893200000
2012-12-19,7,0.0,1355896800000
2012-12-19,8,0.0,1355900400000
2012-12-19,9,0.0,1355904000000
2012-12-19,10,0.0,1355907600000
2012-12-19,11,0.0,1355911200000
2012-12-19,12,0.0,1355914800000
2012-12-19,13,0.0,1355918400000
2012-12-19,14,0.0,1355922000000
2012-12-19,15,0.0,1355925600000
2012-12-19,16,0.0,1355929200000
2012-12-19,17,0.0,1355932800000
2012-12-19,18,0.0,1355936400000
2012-12-19,19,0.0,1355940000000
2012-12-19,20,0.0,1355943600000
2012-12-19,21,0.0,1355947200000
2012-12-19,22,0.0,1355950800000
2012-12-19,23,0.0,1355954400000
2012-12-20,0,0.0,1355958000000
2012-12-20,1,0.0,1355961600000
2012-12-20,2,0.0,1355965200000
2012-12-20,3,0.0,1355968800000
2012-12-20,4,0.0,1355972400000
2012-12-20,5,0.0,1355976000000
2012-12-20,6,0.0,1355979600000
2012-12-20,7,0.0,1355983200000
2012-12-20,8,0.0,1355986800000
2012-12-20,9,0.0,1355990400000
2012-12-20,10,0.0,1355994000000
2012-12-20,11,0.0,1355997600000
2012-12-20,12,0.0,1356001200000
2012-12-20,13,0.0,1356004800000
2012-12-20,14,0.0,1356008400000
2012-12-20,15,0.0,1356012000000
2012-12-20,16,0.0,1356015600000
2012-12-20,17,0.0,1356019200000
2012-12-20,18,0.0,1356022800000
2012-12-20,19,0.0,1356026400000
2012-12-20,20,0.0,1356030000000
2012-12-20,21,0.0,1356033600000
2012-12-20,22,0.0,1356037200000
2012-12-20,23,0.0,1356040800000
2012-12-21,0,0.0,1356044400000
2012-12-21,1,0.0,1356048000000
2012-12-21,2,0.0,1356051600000
2012-12-21,3,0.0,1356055200000
2012-12-21,4,0.0,1356058800000
2012-12-21,5,0.0,1356062400000
2012-12-21,6,0.0,1356066000000
2012-12-21,7,0.0,1356069600000
2012-12-21,8,0.0,1356073200000
2012-12-21,9,0.0,1356076800000
2012-12-21,10,0.0,1356080400000
2012-12-21,11,0.0,1356084000000
2012-12-21,12,0.0,1356087600000
2012-12-21,13,0.0,1356091200000
2012-12-21,14,0.0,1356094800000
2012-12-21,15,0.0,1356098400000
2012-12-21,16,0.0,1356102000000
2012-12-21,17,0.0,1356105600000
2012-12-21,18,0.0,1356109200000
2012-12-21,19,0.0,1356112800000
2012-12-21,20,0.0,1356116400000
2012-12-21,21,0.0,1356120000000
2012-12-21,22,0.0,1356123600000
2012-12-21,23,0.0,1356127200000
2012-12-22,0,0.0,1356130800000
2012-12-22,1,0.0,1356134400000
2012-12-22,2,0.0,1356138000000
2012-12-22,3,0.0,1356141600000
2012-12-22,4,0.0,1356145200000
2012-12-22,5,0.0,1356148800000
2012-12-22,6,0.0,1356152400000
2012-12-22,7,0.0,1356156000000
2012-12-22,8,0.0,1356159600000
2012-12-22,9,0.0,1356163200000
2012-12-22,10,0.0,1356166800000
2012-12-22,11,0.0,1356170400000
2012-12-22,12,0.0,1356174000000
2012-12-22,13,0.0,1356177600000
2012-12-22,14,0.0,1356181200000
2012-12-22,15,0.0,1356184800000
2012-12-22,16,0.0,1356188400000
2012-12-22,17,0.0,1356192000000
2012-12-22,18,0.0,1356195600000
2012-12-22,19,0.0,1356199200000
2012-12-22,20,0.0,1356202800000
2012-12-22,21,0.0,1356206400000
2012-12-22,22,0.0,1356210000000
2012-12-22,23,0.0,1356213600000
2012-12-23,0,0.0,1356217200000
2012-12-23,1,0.0,1356220800000
2012-12-23,2,0.0,1356224400000
2012-12-23,3,0.0,1356228000000
2012-12-23,4,0.0,1356231600000
2012-12-23,5,0.0,1356235200000
2012-12-23,6,0.0,1356238800000
2012-12-23,7,0.0,1356242400000
2012-12-23,8,0.0,1356246000000
2012-12-23,9,5.0,1356249600000
2012-12-23,10,14.0,1356253200000
2012-12-23,11,8.0,1356256800000
2012-12-23,12,9.0,1356260400000
2012-12-23,13,7.0,1356264000000
2012-12-23,14,8.0,1356267600000
2012-12-23,15,11.0,1356271200000
2012-12-23,16,11.0,1356274800000
2012-12-23,17,14.0,1356278400000
2012-12-23,18,7.0,1356282000000
2012-12-23,19,8.0,1356285600000
2012-12-23,20,9.0,1356289200000
2012-12-23,21,7.0,1356292800000
2012-12-23,22,7.0,1356296400000
2012-12-23,23,7.0,1356300000000
2012-12-24,0,6.0,1356303600000
2012-12-24,1,7.0,1356307200000
2012-12-24,2,7.0,1356310800000
2012-12-24,3,7.0,1356314400000
2012-12-24,4,7.0,1356318000000
2012-12-24,5,7.0,1356321600000
2012-12-24,6,7.0,1356325200000
2012-12-24,7,11.0,1356328800000
2012-12-24,8,8.0,1356332400000
2012-12-24,9,13.0,1356336000000
2012-12-24,10,7.0,1356339600000
2012-12-24,11,8.0,1356343200000
2012-12-24,12,7.0,1356346800000
2012-12-24,13,7.0,1356350400000
2012-12-24,14,8.0,1356354000000
2012-12-24,15,7.0,1356357600000
2012-12-24,16,7.0,1356361200000
2012-12-24,17,7.0,1356364800000
2012-12-24,18,7.0,1356368400000
2012-12-24,19,7.0,1356372000000
2012-12-24,20,7.0,1356375600000
2012-12-24,21,7.0,1356379200000
2012-12-24,22,7.0,1356382800000
2012-12-24,23,7.0,1356386400000
2012-12-25,0,7.0,1356390000000
2012-12-25,1,7.0,1356393600000
2012-12-25,2,7.0,1356397200000
2012-12-25,3,7.0,1356400800000
2012-12-25,4,7.0,1356404400000
2012-12-25,5,8.0,1356408000000
2012-12-25,6,7.0,1356411600000
2012-12-25,7,8.0,1356415200000
2012-12-25,8,7.0,1356418800000
2012-12-25,9,7.0,1356422400000
2012-12-25,10,7.0,1356426000000
2012-12-25,11,7.0,1356429600000
2012-12-25,12,9.0,1356433200000
2012-12-25,13,14.0,1356436800000
2012-12-25,14,6.0,1356440400000
2012-12-25,15,5.0,1356444000000
2012-12-25,16,6.0,1356447600000
2012-12-25,17,13.0,1356451200000
2012-12-25,18,6.0,1356454800000
2012-12-25,19,8.0,1356458400000
2012-12-25,20,5.0,1356462000000
2012-12-25,21,6.0,1356465600000
2012-12-25,22,6.0,1356469200000
2012-12-25,23,6.0,1356472800000
2012-12-26,0,5.0,1356476400000
2012-12-26,1,6.0,1356480000000
2012-12-26,2,5.0,1356483600000
2012-12-26,3,6.0,1356487200000
2012-12-26,4,5.0,1356490800000
2012-12-26,5,6.0,1356494400000
2012-12-26,6,5.0,1356498000000
2012-12-26,7,6.0,1356501600000
2012-12-26,8,5.0,1356505200000
2012-12-26,9,6.0,1356508800000
2012-12-26,10,7.0,1356512400000
2012-12-26,11,9.0,1356516000000
2012-12-26,12,5.0,1356519600000
2012-12-26,13,5.0,1356523200000
2012-12-26,14,6.0,1356526800000
2012-12-26,15,6.0,1356530400000
2012-12-26,16,5.0,1356534000000
2012-12-26,17,5.0,1356537600000
2012-12-26,18,3.0,1356541200000
2012-12-26,19,6.0,1356544800000
2012-12-26,20,3.0,1356548400000
2012-12-26,21,4.0,1356552000000
2012-12-26,22,4.0,1356555600000
2012-12-26,23,4.0,1356559200000
2012-12-27,0,4.0,1356562800000
2012-12-27,1,4.0,1356566400000
2012-12-27,2,4.0,1356570000000
2012-12-27,3,4.0,1356573600000
2012-12-27,4,5.0,1356577200000
2012-12-27,5,9.0,1356580800000
2012-12-27,6,5.0,1356584400000
2012-12-27,7,5.0,1356588000000
2012-12-27,8,5.0,1356591600000
2012-12-27,9,6.0,1356595200000
2012-12-27,10,12.0,1356598800000
2012-12-27,11,4.0,1356602400000
2012-12-27,12,5.0,1356606000000
2012-12-27,13,5.0,1356609600000
2012-12-27,14,5.0,1356613200000
2012-12-27,15,4.0,1356616800000
2012-12-27,16,5.0,1356620400000
2012-12-27,17,4.0,1356624000000
2012-12-27,18,8.0,1356627600000
2012-12-27,19,7.0,1356631200000
2012-12-27,20,5.0,1356634800000
2012-12-27,21,4.0,1356638400000
2012-12-27,22,4.0,1356642000000
2012-12-27,23,4.0,1356645600000
2012-12-28,0,5.0,1356649200000
2012-12-28,1,4.0,1356652800000
2012-12-28,2,4.0,1356656400000
2012-12-28,3,5.0,1356660000000
2012-12-28,4,6.0,1356663600000
2012-12-28,5,5.0,1356667200000
2012-12-28,6,5.0,1356670800000
2012-12-28,7,6.0,1356674400000
2012-12-28,8,6.0,1356678000000
2012-12-28,9,6.0,1356681600000
2012-12-28,10,5.0,1356685200000
2012-12-28,11,6.0,1356688800000
2012-12-28,12,6.0,1356692400000
2012-12-28,13,6.0,1356696000000
2012-12-28,14,18.0,1356699600000
2012-12-28,15,10.0,1356703200000
2012-12-28,16,9.0,1356706800000
2012-12-28,17,8.0,1356710400000
2012-12-28,18,7.0,1356714000000
2012-12-28,19,7.0,1356717600000
2012-12-28,20,8.0,1356721200000
2012-12-28,21,7.0,1356724800000
2012-12-28,22,8.0,1356728400000
2012-12-28,23,7.0,1356732000000
2012-12-29,0,7.0,1356735600000
2012-12-29,1,8.0,1356739200000
2012-12-29,2,6.0,1356742800000
2012-12-29,3,7.0,1356746400000
2012-12-29,4,7.0,1356750000000
2012-12-29,5,7.0,1356753600000
2012-12-29,6,8.0,1356757200000
2012-12-29,7,7.0,1356760800000
2012-12-29,8,7.0,1356764400000
2012-12-29,9,8.0,1356768000000
2012-12-29,10,7.0,1356771600000
2012-12-29,11,7.0,1356775200000
2012-12-29,12,14.0,1356778800000
2012-12-29,13,6.0,1356782400000
2012-12-29,14,7.0,1356786000000
2012-12-29,15,8.0,1356789600000
2012-12-29,16,5.0,1356793200000
2012-12-29,17,5.0,1356796800000
2012-12-29,18,5.0,1356800400000
2012-12-29,19,4.0,1356804000000
2012-12-29,20,6.0,1356807600000
2012-12-29,21,4.0,1356811200000
2012-12-29,22,5.0,1356814800000
2012-12-29,23,4.0,1356818400000
2012-12-30,0,4.0,1356822000000
2012-12-30,1,4.0,1356825600000
2012-12-30,2,4.0,1356829200000
2012-12-30,3,4.0,1356832800000
2012-12-30,4,4.0,1356836400000
2012-12-30,5,3.0,1356840000000
2012-12-30,6,4.0,1356843600000
2012-12-30,7,4.0,1356847200000
2012-12-30,8,10.0,1356850800000
2012-12-30,9,4.0,1356854400000
2012-12-30,10,5.0,1356858000000
2012-12-30,11,4.0,1356861600000
2012-12-30,12,3.0,1356865200000
2012-12-30,13,4.0,1356868800000
2012-12-30,14,3.0,1356872400000
2012-12-30,15,4.0,1356876000000
2012-12-30,16,5.0,1356879600000
2012-12-30,17,5.0,1356883200000
2012-12-30,18,2.0,1356886800000
2012-12-30,19,3.0,1356890400000
2012-12-30,20,3.0,1356894000000
2012-12-30,21,3.0,1356897600000
2012-12-30,22,2.0,1356901200000
2012-12-30,23,3.0,1356904800000
2012-12-31,0,3.0,1356908400000
2012-12-31,1,2.0,1356912000000
2012-12-31,2,3.0,1356915600000
2012-12-31,3,3.0,1356919200000
2012-12-31,4,3.0,1356922800000
2012-12-31,5,3.0,1356926400000
2012-12-31,6,3.0,1356930000000
2012-12-31,7,3.0,1356933600000
2012-12-31,8,4.0,1356937200000
2012-12-31,9,3.0,1356940800000
2012-12-31,10,5.0,1356944400000
2012-12-31,11,11.0,1356948000000
2012-12-31,12,7.0,1356951600000
2012-12-31,13,4.0,1356955200000
2012-12-31,14,3.0,1356958800000
2012-12-31,15,2.0,1356962400000
2012-12-31,16,3.0,1356966000000
2012-12-31,17,3.0,1356969600000
2012-12-31,18,3.0,1356973200000
2012-12-31,19,3.0,1356976800000
2012-12-31,20,3.0,1356980400000
2012-12-31,21,3.0,1356984000000
2012-12-31,22,2.0,1356987600000
2012-12-31,23,2.0,1356991200000
2013-01-01,0,3.0,1356994800000
2013-01-01,1,3.0,1356998400000
2013-01-01,2,3.0,1357002000000
2013-01-01,3,3.0,1357005600000
2013-01-01,4,3.0,1357009200000
2013-01-01,5,3.0,1357012800000
2013-01-01,6,3.0,1357016400000
2013-01-01,7,2.0,1357020000000
2013-01-01,8,3.0,1357023600000
2013-01-01,9,5.0,1357027200000
2013-01-01,10,3.0,1357030800000
2013-01-01,11,3.0,1357034400000
2013-01-01,12,3.0,1357038000000
2013-01-01,13,7.0,1357041600000
2013-01-01,14,2.0,1357045200000
2013-01-01,15,3.0,1357048800000
2013-01-01,16,2.0,1357052400000
2013-01-01,17,2.0,1357056000000
2013-01-01,18,2.0,1357059600000
2013-01-01,19,2.0,1357063200000
2013-01-01,20,3.0,1357066800000
2013-01-01,21,2.0,1357070400000
2013-01-01,22,3.0,1357074000000
2013-01-01,23,2.0,1357077600000
2013-01-02,0,3.0,1357081200000
2013-01-02,1,3.0,1357084800000
2013-01-02,2,2.0,1357088400000
2013-01-02,3,3.0,1357092000000
2013-01-02,4,2.0,1357095600000
2013-01-02,5,3.0,1357099200000
2013-01-02,6,2.0,1357102800000
2013-01-02,7,3.0,1357106400000
2013-01-02,8,3.0,1357110000000
2013-01-02,9,9.5,1357113600000
2013-01-02,10,12.5,1357117200000
2013-01-02,11,3.0,1357120800000
2013-01-02,12,3.0,1357124400000
2013-01-02,13,3.0,1357128000000
2013-01-02,14,4.0,1357131600000
2013-01-02,15,3.0,1357135200000
2013-01-02,16,3.0,1357138800000
2013-01-02,17,5.0,1357142400000
2013-01-02,18,4.0,1357146000000
2013-01-02,19,9.0,1357149600000
2013-01-02,20,4.0,1357153200000
2013-01-02,21,3.0,1357156800000
2013-01-02,22,3.0,1357160400000
2013-01-02,23,4.0,1357164000000
2013-01-03,0,3.0,1357167600000
2013-01-03,1,5.0,1357171200000
2013-01-03,2,4.0,1357174800000
2013-01-03,3,5.0,1357178400000
2013-01-03,4,4.0,1357182000000
2013-01-03,5,4.0,1357185600000
2013-01-03,6,6.0,1357189200000
2013-01-03,7,6.0,1357192800000
2013-01-03,8,6.0,1357196400000
2013-01-03,9,5.0,1357200000000
2013-01-03,10,6.0,1357203600000
2013-01-03,11,11.0,1357207200000
2013-01-03,12,6.0,1357210800000
2013-01-03,13,6.0,1357214400000
2013-01-03,14,6.0,1357218000000
2013-01-03,15,7.0,1357221600000
2013-01-03,16,9.0,1357225200000
2013-01-03,17,6.0,1357228800000
2013-01-03,18,6.0,1357232400000
2013-01-03,19,6.0,1357236000000
2013-01-03,20,6.0,1357239600000
2013-01-03,21,6.0,1357243200000
2013-01-03,22,5.0,1357246800000
2013-01-03,23,6.0,1357250400000
2013-01-04,0,5.0,1357254000000
2013-01-04,1,4.0,1357257600000
2013-01-04,2,6.0,1357261200000
2013-01-04,3,5.0,1357264800000
2013-01-04,4,5.0,1357268400000
2013-01-04,5,5.0,1357272000000
2013-01-04,6,5.0,1357275600000
2013-01-04,7,12.5,1357279200000
2013-01-04,8,6.5,1357282800000
2013-01-04,9,6.0,1357286400000
2013-01-04,10,6.0,1357290000000
2013-01-04,11,7.0,1357293600000
2013-01-04,12,5.0,1357297200000
2013-01-04,13,7.0,1357300800000
2013-01-04,14,8.0,1357304400000
2013-01-04,15,6.0,1357308000000
2013-01-04,16,8.0,1357311600000
2013-01-04,17,6.0,1357315200000
2013-01-04,18,11.0,1357318800000
2013-01-04,19,11.0,1357322400000
2013-01-04,20,12.0,1357326000000
2013-01-04,21,7.0,1357329600000
2013-01-04,22,6.0,1357333200000
2013-01-04,23,6.0,1357336800000
2013-01-05,0,7.0,1357340400000
2013-01-05,1,5.0,1357344000000
2013-01-05,2,7.0,1357347600000
2013-01-05,3,6.0,1357351200000
2013-01-05,4,6.0,1357354800000
2013-01-05,5,5.0,1357358400000
2013-01-05,6,5.0,1357362000000
2013-01-05,7,7.0,1357365600000
2013-01-05,8,7.0,1357369200000
2013-01-05,9,11.0,1357372800000
2013-01-05,10,8.0,1357376400000
2013-01-05,11,9.0,1357380000000
2013-01-05,12,5.0,1357383600000
2013-01-05,13,3.0,1357387200000
2013-01-05,14,4.0,1357390800000
2013-01-05,15,4.0,1357394400000
2013-01-05,16,5.0,1357398000000
2013-01-05,17,10.0,1357401600000
2013-01-05,18,7.0,1357405200000
2013-01-05,19,4.0,1357408800000
2013-01-05,20,13.0,1357412400000
2013-01-05,21,4.0,1357416000000
2013-01-05,22,4.0,1357419600000
2013-01-05,23,6.0,1357423200000
2013-01-06,0,5.0,1357426800000
2013-01-06,1,5.0,1357430400000
2013-01-06,2,5.0,1357434000000
2013-01-06,3,6.0,1357437600000
2013-01-06,4,5.0,1357441200000
2013-01-06,5,6.0,1357444800000
2013-01-06,6,6.0,1357448400000
2013-01-06,7,6.0,1357452000000
2013-01-06,8,7.0,1357455600000
2013-01-06,9,7.0,1357459200000
2013-01-06,10,7.0,1357462800000
2013-01-06,11,7.0,1357466400000
2013-01-06,12,7.0,1357470000000
2013-01-06,13,5.0,1357473600000
2013-01-06,14,6.0,1357477200000
2013-01-06,15,12.0,1357480800000
2013-01-06,16,5.0,1357484400000
2013-01-06,17,4.0,1357488000000
2013-01-06,18,5.0,1357491600000
2013-01-06,19,4.0,1357495200000
2013-01-06,20,5.0,1357498800000
2013-01-06,21,3.0,1357502400000
2013-01-06,22,5.0,1357506000000
2013-01-06,23,5.0,1357509600000
2013-01-07,0,4.0,1357513200000
2013-01-07,1,5.0,1357516800000
2013-01-07,2,5.0,1357520400000
2013-01-07,3,4.0,1357524000000
2013-01-07,4,5.0,1357527600000
2013-01-07,5,8.0,1357531200000
2013-01-07,6,11.0,1357534800000
2013-01-07,7,14.0,1357538400000
2013-01-07,8,5.0,1357542000000
2013-01-07,9,6.0,1357545600000
2013-01-07,10,5.0,1357549200000
2013-01-07,11,6.0,1357552800000
2013-01-07,12,7.0,1357556400000
2013-01-07,13,6.0,1357560000000
2013-01-07,14,7.0,1357563600000
2013-01-07,15,7.0,1357567200000
2013-01-07,16,6.0,1357570800000
2013-01-07,17,7.0,1357574400000
2013-01-07,18,7.0,1357578000000
2013-01-07,19,11.0,1357581600000
2013-01-07,20,9.0,1357585200000
2013-01-07,21,5.0,1357588800000
2013-01-07,22,7.0,1357592400000
2013-01-07,23,5.0,1357596000000
2013-01-08,0,6.0,1357599600000
2013-01-08,1,5.0,1357603200000
2013-01-08,2,6.0,1357606800000
2013-01-08,3,5.0,1357610400000
2013-01-08,4,5.0,1357614000000
2013-01-08,5,11.0,1357617600000
2013-01-08,6,9.0,1357621200000
2013-01-08,7,6.0,1357624800000
2013-01-08,8,4.0,1357628400000
2013-01-08,9,5.0,1357632000000
2013-01-08,10,6.0,1357635600000
2013-01-08,11,5.0,1357639200000
2013-01-08,12,5.0,1357642800000
2013-01-08,13,4.0,1357646400000
2013-01-08,14,5.0,1357650000000
2013-01-08,15,4.0,1357653600000
2013-01-08,16,5.0,1357657200000
2013-01-08,17,5.0,1357660800000
2013-01-08,18,6.0,1357664400000
2013-01-08,19,11.0,1357668000000
2013-01-08,20,5.0,1357671600000
2013-01-08,21,4.0,1357675200000
2013-01-08,22,4.0,1357678800000
2013-01-08,23,4.0,1357682400000
2013-01-09,0,4.0,1357686000000
2013-01-09,1,4.0,1357689600000
2013-01-09,2,4.0,1357693200000
2013-01-09,3,4.0,1357696800000
2013-01-09,4,4.0,1357700400000
2013-01-09,5,10.0,1357704000000
2013-01-09,6,12.0,1357707600000
2013-01-09,7,5.0,1357711200000
2013-01-09,8,5.0,1357714800000
2013-01-09,9,4.0,1357718400000
2013-01-09,10,4.0,1357722000000
2013-01-09,11,4.0,1357725600000
2013-01-09,12,4.0,1357729200000
2013-01-09,13,4.0,1357732800000
2013-01-09,14,4.0,1357736400000
2013-01-09,15,3.0,1357740000000
2013-01-09,16,4.0,1357743600000
2013-01-09,17,4.0,1357747200000
2013-01-09,18,7.0,1357750800000
2013-01-09,19,8.0,1357754400000
2013-01-09,20,3.0,1357758000000
2013-01-09,21,4.0,1357761600000
2013-01-09,22,5.0,1357765200000
2013-01-09,23,4.0,1357768800000
2013-01-10,0,4.0,1357772400000
2013-01-10,1,4.0,1357776000000
2013-01-10,2,4.0,1357779600000
2013-01-10,3,4.0,1357783200000
2013-01-10,4,4.0,1357786800000
2013-01-10,5,4.0,1357790400000
2013-01-10,6,13.0,1357794000000
2013-01-10,7,5.0,1357797600000
2013-01-10,8,4.0,1357801200000
2013-01-10,9,5.0,1357804800000
2013-01-10,10,4.0,1357808400000
2013-01-10,11,5.0,1357812000000
2013-01-10,12,4.0,1357815600000
2013-01-10,13,4.0,1357819200000
2013-01-10,14,6.0,1357822800000
2013-01-10,15,5.0,1357826400000
2013-01-10,16,6.0,1357830000000
2013-01-10,17,5.0,1357833600000
2013-01-10,18,6.0,1357837200000
2013-01-10,19,8.0,1357840800000
2013-01-10,20,6.0,1357844400000
2013-01-10,21,6.0,1357848000000
2013-01-10,22,5.0,1357851600000
2013-01-10,23,4.0,1357855200000
2013-01-11,0,4.0,1357858800000
2013-01-11,1,4.0,1357862400000
2013-01-11,2,5.0,1357866000000
2013-01-11,3,4.0,1357869600000
2013-01-11,4,4.0,1357873200000
2013-01-11,5,5.0,1357876800000
2013-01-11,6,12.0,1357880400000
2013-01-11,7,16.0,1357884000000
2013-01-11,8,5.0,1357887600000
2013-01-11,9,5.0,1357891200000
2013-01-11,10,6.0,1357894800000
2013-01-11,11,4.0,1357898400000
2013-01-11,12,4.0,1357902000000
2013-01-11,13,5.0,1357905600000
2013-01-11,14,4.0,1357909200000
2013-01-11,15,4.0,1357912800000
2013-01-11,16,6.0,1357916400000
2013-01-11,17,6.0,1357920000000
2013-01-11,18,6.0,1357923600000
2013-01-11,19,4.0,1357927200000
2013-01-11,20,5.0,1357930800000
2013-01-11,21,4.0,1357934400000
2013-01-11,22,5.0,1357938000000
2013-01-11,23,5.0,1357941600000
2013-01-12,0,4.0,1357945200000
2013-01-12,1,4.0,1357948800000
2013-01-12,2,6.0,1357952400000
2013-01-12,3,5.0,1357956000000
2013-01-12,4,6.0,1357959600000
2013-01-12,5,5.0,1357963200000
2013-01-12,6,6.0,1357966800000
2013-01-12,7,6.0,1357970400000
2013-01-12,8,7.0,1357974000000
2013-01-12,9,7.0,1357977600000
2013-01-12,10,15.0,1357981200000
2013-01-12,11,7.0,1357984800000
2013-01-12,12,7.0,1357988400000
2013-01-12,13,8.0,1357992000000
2013-01-12,14,8.0,1357995600000
2013-01-12,15,13.0,1357999200000
2013-01-12,16,7.0,1358002800000
2013-01-12,17,5.5,1358006400000
2013-01-12,18,5.5,1358010000000
2013-01-12,19,6.0,1358013600000
2013-01-12,20,6.0,1358017200000
2013-01-12,21,5.0,1358020800000
2013-01-12,22,6.0,1358024400000
2013-01-12,23,5.0,1358028000000
2013-01-13,0,4.0,1358031600000
2013-01-13,1,5.0,1358035200000
2013-01-13,2,4.0,1358038800000
2013-01-13,3,4.0,1358042400000
2013-01-13,4,5.0,1358046000000
2013-01-13,5,4.0,1358049600000
2013-01-13,6,5.0,1358053200000
2013-01-13,7,5.0,1358056800000
2013-01-13,8,5.0,1358060400000
2013-01-13,9,11.0,1358064000000
2013-01-13,10,12.0,1358067600000
2013-01-13,11,5.0,1358071200000
2013-01-13,12,6.0,1358074800000
2013-01-13,13,5.0,1358078400000
2013-01-13,14,6.0,1358082000000
2013-01-13,15,7.0,1358085600000
2013-01-13,16,12.0,1358089200000
2013-01-13,17,7.0,1358092800000
2013-01-13,18,5.0,1358096400000
2013-01-13,19,5.0,1358100000000
2013-01-13,20,5.0,1358103600000
2013-01-13,21,6.0,1358107200000
2013-01-13,22,5.0,1358110800000
2013-01-13,23,6.0,1358114400000
2013-01-14,0,5.0,1358118000000
2013-01-14,1,6.0,1358121600000
2013-01-14,2,6.0,1358125200000
2013-01-14,3,5.0,1358128800000
2013-01-14,4,6.0,1358132400000
2013-01-14,5,7.0,1358136000000
2013-01-14,6,14.0,1358139600000
2013-01-14,7,5.0,1358143200000
2013-01-14,8,6.0,1358146800000
2013-01-14,9,5.0,1358150400000
2013-01-14,10,6.0,1358154000000
2013-01-14,11,5.0,1358157600000
2013-01-14,12,7.0,1358161200000
2013-01-14,13,6.0,1358164800000
2013-01-14,14,6.0,1358168400000
2013-01-14,15,7.0,1358172000000
2013-01-14,16,7.0,1358175600000
2013-01-14,17,8.0,1358179200000
2013-01-14,18,6.0,1358182800000
2013-01-14,19,5.0,1358186400000
2013-01-14,20,11.0,1358190000000
2013-01-14,21,6.0,1358193600000
2013-01-14,22,5.0,1358197200000
2013-01-14,23,6.0,1358200800000
2013-01-15,0,6.0,1358204400000
2013-01-15,1,6.0,1358208000000
2013-01-15,2,5.0,1358211600000
2013-01-15,3,7.0,1358215200000
2013-01-15,4,6.0,1358218800000
2013-01-15,5,6.0,1358222400000
2013-01-15,6,13.0,1358226000000
2013-01-15,7,6.0,1358229600000
2013-01-15,8,5.0,1358233200000
2013-01-15,9,5.0,1358236800000
2013-01-15,10,6.0,1358240400000
2013-01-15,11,5.0,1358244000000
2013-01-15,12,5.0,1358247600000
2013-01-15,13,6.0,1358251200000
2013-01-15,14,5.0,1358254800000
2013-01-15,15,6.0,1358258400000
2013-01-15,16,6.0,1358262000000
2013-01-15,17,6.0,1358265600000
2013-01-15,18,7.0,1358269200000
2013-01-15,19,4.0,1358272800000
2013-01-15,20,4.0,1358276400000
2013-01-15,21,5.0,1358280000000
2013-01-15,22,5.0,1358283600000
2013-01-15,23,5.0,1358287200000
2013-01-16,0,5.0,1358290800000
2013-01-16,1,5.0,1358294400000
2013-01-16,2,6.0,1358298000000
2013-01-16,3,6.0,1358301600000
2013-01-16,4,5.0,1358305200000
2013-01-16,5,6.0,1358308800000
2013-01-16,6,8.0,1358312400000
2013-01-16,7,7.0,1358316000000
2013-01-16,8,7.0,1358319600000
2013-01-16,9,5.0,1358323200000
2013-01-16,10,5.0,1358326800000
2013-01-16,11,6.0,1358330400000
2013-01-16,12,5.0,1358334000000
2013-01-16,13,6.0,1358337600000
2013-01-16,14,6.0,1358341200000
2013-01-16,15,6.0,1358344800000
2013-01-16,16,8.0,1358348400000
2013-01-16,17,6.0,1358352000000
2013-01-16,18,7.0,1358355600000
2013-01-16,19,9.0,1358359200000
2013-01-16,20,15.0,1358362800000
2013-01-16,21,6.0,1358366400000
2013-01-16,22,7.0,1358370000000
2013-01-16,23,7.0,1358373600000
2013-01-17,0,6.0,1358377200000
2013-01-17,1,7.5,1358380800000
2013-01-17,2,7.5,1358384400000
2013-01-17,3,7.0,1358388000000
2013-01-17,4,6.0,1358391600000
2013-01-17,5,9.0,1358395200000
2013-01-17,6,16.0,1358398800000
2013-01-17,7,7.0,1358402400000
2013-01-17,8,8.0,1358406000000
2013-01-17,9,7.0,1358409600000
2013-01-17,10,6.0,1358413200000
2013-01-17,11,7.0,1358416800000
2013-01-17,12,7.0,1358420400000
2013-01-17,13,6.0,1358424000000
2013-01-17,14,7.0,1358427600000
2013-01-17,15,8.0,1358431200000
2013-01-17,16,7.0,1358434800000
2013-01-17,17,6.0,1358438400000
2013-01-17,18,7.0,1358442000000
2013-01-17,19,7.0,1358445600000
2013-01-17,20,6.0,1358449200000
2013-01-17,21,7.0,1358452800000
2013-01-17,22,6.0,1358456400000
2013-01-17,23,6.0,1358460000000
2013-01-18,0,6.0,1358463600000
2013-01-18,1,6.0,1358467200000
2013-01-18,2,6.0,1358470800000
2013-01-18,3,6.0,1358474400000
2013-01-18,4,6.0,1358478000000
2013-01-18,5,8.0,1358481600000
2013-01-18,6,10.0,1358485200000
2013-01-18,7,14.0,1358488800000
2013-01-18,8,6.0,1358492400000
2013-01-18,9,5.0,1358496000000
2013-01-18,10,5.0,1358499600000
2013-01-18,11,5.0,1358503200000
2013-01-18,12,5.0,1358506800000
2013-01-18,13,4.0,1358510400000
2013-01-18,14,5.0,1358514000000
2013-01-18,15,12.0,1358517600000
2013-01-18,16,5.0,1358521200000
2013-01-18,17,10.0,1358524800000
2013-01-18,18,5.0,1358528400000
2013-01-18,19,4.0,1358532000000
2013-01-18,20,7.0,1358535600000
2013-01-18,21,4.0,1358539200000
2013-01-18,22,4.0,1358542800000
2013-01-18,23,3.0,1358546400000
2013-01-19,0,3.0,1358550000000
2013-01-19,1,3.0,1358553600000
2013-01-19,2,3.0,1358557200000
2013-01-19,3,3.0,1358560800000
2013-01-19,4,3.0,1358564400000
2013-01-19,5,3.0,1358568000000
2013-01-19,6,3.0,1358571600000
2013-01-19,7,4.0,1358575200000
2013-01-19,8,4.0,1358578800000
2013-01-19,9,8.0,1358582400000
2013-01-19,10,8.0,1358586000000
2013-01-19,11,4.0,1358589600000
2013-01-19,12,3.0,1358593200000
2013-01-19,13,8.0,1358596800000
2013-01-19,14,6.0,1358600400000
2013-01-19,15,4.0,1358604000000
2013-01-19,16,4.0,1358607600000
2013-01-19,17,4.0,1358611200000
2013-01-19,18,4.0,1358614800000
2013-01-19,19,6.0,1358618400000
2013-01-19,20,4.0,1358622000000
2013-01-19,21,3.0,1358625600000
2013-01-19,22,4.0,1358629200000
2013-01-19,23,4.0,1358632800000
2013-01-20,0,5.0,1358636400000
2013-01-20,1,4.0,1358640000000
2013-01-20,2,4.0,1358643600000
2013-01-20,3,4.0,1358647200000
2013-01-20,4,5.0,1358650800000
2013-01-20,5,4.0,1358654400000
2013-01-20,6,7.0,1358658000000
2013-01-20,7,8.0,1358661600000
2013-01-20,8,12.0,1358665200000
2013-01-20,9,5.0,1358668800000
2013-01-20,10,9.0,1358672400000
2013-01-20,11,5.0,1358676000000
2013-01-20,12,4.0,1358679600000
2013-01-20,13,5.0,1358683200000
2013-01-20,14,5.0,1358686800000
2013-01-20,15,9.0,1358690400000
2013-01-20,16,8.0,1358694000000
2013-01-20,17,8.0,1358697600000
2013-01-20,18,7.0,1358701200000
2013-01-20,19,9.0,1358704800000
2013-01-20,20,7.0,1358708400000
2013-01-20,21,5.0,1358712000000
2013-01-20,22,4.0,1358715600000
2013-01-20,23,5.0,1358719200000
2013-01-21,0,5.0,1358722800000
2013-01-21,1,4.0,1358726400000
2013-01-21,2,5.0,1358730000000
2013-01-21,3,5.0,1358733600000
2013-01-21,4,6.0,1358737200000
2013-01-21,5,5.0,1358740800000
2013-01-21,6,11.0,1358744400000
2013-01-21,7,5.0,1358748000000
2013-01-21,8,5.0,1358751600000
2013-01-21,9,6.0,1358755200000
2013-01-21,10,4.0,1358758800000
2013-01-21,11,5.0,1358762400000
2013-01-21,12,5.0,1358766000000
2013-01-21,13,4.0,1358769600000
2013-01-21,14,5.0,1358773200000
2013-01-21,15,5.0,1358776800000
2013-01-21,16,4.0,1358780400000
2013-01-21,17,5.0,1358784000000
2013-01-21,18,4.0,1358787600000
2013-01-21,19,7.0,1358791200000
2013-01-21,20,11.0,1358794800000
2013-01-21,21,8.0,1358798400000
2013-01-21,22,4.0,1358802000000
2013-01-21,23,4.0,1358805600000
2013-01-22,0,4.0,1358809200000
2013-01-22,1,5.0,1358812800000
2013-01-22,2,4.0,1358816400000
2013-01-22,3,4.0,1358820000000
2013-01-22,4,4.0,1358823600000
2013-01-22,5,5.0,1358827200000
2013-01-22,6,8.0,1358830800000
2013-01-22,7,5.0,1358834400000
2013-01-22,8,4.0,1358838000000
2013-01-22,9,5.0,1358841600000
2013-01-22,10,4.0,1358845200000
2013-01-22,11,4.0,1358848800000
2013-01-22,12,4.0,1358852400000
2013-01-22,13,4.0,1358856000000
2013-01-22,14,4.0,1358859600000
2013-01-22,15,4.0,1358863200000
2013-01-22,16,6.0,1358866800000
2013-01-22,17,4.0,1358870400000
2013-01-22,18,5.0,1358874000000
2013-01-22,19,7.0,1358877600000
2013-01-22,20,9.0,1358881200000
2013-01-22,21,4.0,1358884800000
2013-01-22,22,5.0,1358888400000
2013-01-22,23,4.0,1358892000000
2013-01-23,0,5.0,1358895600000
2013-01-23,1,4.0,1358899200000
2013-01-23,2,6.0,1358902800000
2013-01-23,3,5.0,1358906400000
2013-01-23,4,6.0,1358910000000
2013-01-23,5,6.0,1358913600000
2013-01-23,6,7.0,1358917200000
2013-01-23,7,9.0,1358920800000
2013-01-23,8,6.0,1358924400000
2013-01-23,9,5.0,1358928000000
2013-01-23,10,5.0,1358931600000
2013-01-23,11,5.0,1358935200000
2013-01-23,12,5.0,1358938800000
2013-01-23,13,6.0,1358942400000
2013-01-23,14,6.0,1358946000000
2013-01-23,15,5.0,1358949600000
2013-01-23,16,6.0,1358953200000
2013-01-23,17,5.0,1358956800000
2013-01-23,18,8.0,1358960400000
2013-01-23,19,6.0,1358964000000
2013-01-23,20,7.0,1358967600000
2013-01-23,21,5.0,1358971200000
2013-01-23,22,5.0,1358974800000
2013-01-23,23,5.0,1358978400000
2013-01-24,0,5.0,1358982000000
2013-01-24,1,5.0,1358985600000
2013-01-24,2,5.0,1358989200000
2013-01-24,3,5.0,1358992800000
2013-01-24,4,4.0,1358996400000
2013-01-24,5,13.0,1359000000000
2013-01-24,6,10.0,1359003600000
2013-01-24,7,5.0,1359007200000
2013-01-24,8,5.0,1359010800000
2013-01-24,9,4.0,1359014400000
2013-01-24,10,5.0,1359018000000
2013-01-24,11,5.0,1359021600000
2013-01-24,12,5.0,1359025200000
2013-01-24,13,4.0,1359028800000
2013-01-24,14,6.0,1359032400000
2013-01-24,15,5.0,1359036000000
2013-01-24,16,11.0,1359039600000
2013-01-24,17,6.0,1359043200000
2013-01-24,18,7.0,1359046800000
2013-01-24,19,10.0,1359050400000
2013-01-24,20,6.0,1359054000000
2013-01-24,21,5.0,1359057600000
2013-01-24,22,5.0,1359061200000
2013-01-24,23,6.0,1359064800000
2013-01-25,0,5.0,1359068400000
2013-01-25,1,5.0,1359072000000
2013-01-25,2,6.0,1359075600000
2013-01-25,3,5.0,1359079200000
2013-01-25,4,6.0,1359082800000
2013-01-25,5,6.0,1359086400000
2013-01-25,6,12.0,1359090000000
2013-01-25,7,6.0,1359093600000
2013-01-25,8,6.0,1359097200000
2013-01-25,9,5.0,1359100800000
2013-01-25,10,5.0,1359104400000
2013-01-25,11,6.0,1359108000000
2013-01-25,12,4.0,1359111600000
2013-01-25,13,7.0,1359115200000
2013-01-25,14,13.0,1359118800000
2013-01-25,15,6.0,1359122400000
2013-01-25,16,6.0,1359126000000
2013-01-25,17,9.0,1359129600000
2013-01-25,18,5.0,1359133200000
2013-01-25,19,7.0,1359136800000
2013-01-25,20,6.0,1359140400000
2013-01-25,21,7.0,1359144000000
2013-01-25,22,7.0,1359147600000
2013-01-25,23,6.0,1359151200000
2013-01-26,0,5.0,1359154800000
2013-01-26,1,6.0,1359158400000
2013-01-26,2,6.0,1359162000000
2013-01-26,3,5.0,1359165600000
2013-01-26,4,6.0,1359169200000
2013-01-26,5,5.0,1359172800000
2013-01-26,6,6.0,1359176400000
2013-01-26,7,11.0,1359180000000
2013-01-26,8,9.0,1359183600000
2013-01-26,9,7.0,1359187200000
2013-01-26,10,5.0,1359190800000
2013-01-26,11,14.0,1359194400000
2013-01-26,12,7.0,1359198000000
2013-01-26,13,4.0,1359201600000
2013-01-26,14,7.0,1359205200000
2013-01-26,15,6.0,1359208800000
2013-01-26,16,7.0,1359212400000
2013-01-26,17,7.0,1359216000000
2013-01-26,18,5.0,1359219600000
2013-01-26,19,5.0,1359223200000
2013-01-26,20,5.0,1359226800000
2013-01-26,21,7.0,1359230400000
2013-01-26,22,5.0,1359234000000
2013-01-26,23,6.0,1359237600000
2013-01-27,0,5.0,1359241200000
2013-01-27,1,6.0,1359244800000
2013-01-27,2,6.0,1359248400000
2013-01-27,3,6.0,1359252000000
2013-01-27,4,6.0,1359255600000
2013-01-27,5,6.0,1359259200000
2013-01-27,6,6.0,1359262800000
2013-01-27,7,6.0,1359266400000
2013-01-27,8,11.0,1359270000000
2013-01-27,9,7.0,1359273600000
2013-01-27,10,7.0,1359277200000
2013-01-27,11,11.0,1359280800000
2013-01-27,12,7.0,1359284400000
2013-01-27,13,6.0,1359288000000
2013-01-27,14,7.0,1359291600000
2013-01-27,15,10.0,1359295200000
2013-01-27,16,6.0,1359298800000
2013-01-27,17,9.0,1359302400000
2013-01-27,18,6.0,1359306000000
2013-01-27,19,5.0,1359309600000
2013-01-27,20,5.0,1359313200000
2013-01-27,21,6.0,1359316800000
2013-01-27,22,5.0,1359320400000
2013-01-27,23,6.0,1359324000000
2013-01-28,0,5.0,1359327600000
2013-01-28,1,6.0,1359331200000
2013-01-28,2,6.0,1359334800000
2013-01-28,3,5.0,1359338400000
2013-01-28,4,7.0,1359342000000
2013-01-28,5,6.0,1359345600000
2013-01-28,6,5.0,1359349200000
2013-01-28,7,4.0,1359352800000
2013-01-28,8,5.0,1359356400000
2013-01-28,9,5.0,1359360000000
2013-01-28,10,4.0,1359363600000
2013-01-28,11,4.0,1359367200000
2013-01-28,12,4.0,1359370800000
2013-01-28,13,5.0,1359374400000
2013-01-28,14,4.0,1359378000000
2013-01-28,15,3.0,1359381600000
2013-01-28,16,0.0,1359385200000
2013-01-28,17,5.0,1359388800000
2013-01-28,18,4.0,1359392400000
2013-01-28,19,4.0,1359396000000
2013-01-28,20,4.0,1359399600000
2013-01-28,21,5.0,1359403200000
2013-01-28,22,5.0,1359406800000
2013-01-28,23,5.0,1359410400000
2013-01-29,0,4.0,1359414000000
2013-01-29,1,5.0,1359417600000
2013-01-29,2,4.0,1359421200000
2013-01-29,3,4.0,1359424800000
2013-01-29,4,4.0,1359428400000
2013-01-29,5,9.0,1359432000000
2013-01-29,6,9.0,1359435600000
2013-01-29,7,4.0,1359439200000
2013-01-29,8,4.0,1359442800000
2013-01-29,9,3.0,1359446400000
2013-01-29,10,4.0,1359450000000
2013-01-29,11,4.0,1359453600000
2013-01-29,12,4.0,1359457200000
2013-01-29,13,3.0,1359460800000
2013-01-29,14,4.0,1359464400000
2013-01-29,15,4.0,1359468000000
2013-01-29,16,4.0,1359471600000
2013-01-29,17,9.0,1359475200000
2013-01-29,18,4.0,1359478800000
2013-01-29,19,3.0,1359482400000
2013-01-29,20,4.0,1359486000000
2013-01-29,21,4.0,1359489600000
2013-01-29,22,3.0,1359493200000
2013-01-29,23,3.0,1359496800000
2013-01-30,0,3.0,1359500400000
2013-01-30,1,2.0,1359504000000
2013-01-30,2,3.0,1359507600000
2013-01-30,3,3.0,1359511200000
2013-01-30,4,3.0,1359514800000
2013-01-30,5,3.0,1359518400000
2013-01-30,6,10.0,1359522000000
2013-01-30,7,3.0,1359525600000
2013-01-30,8,3.0,1359529200000
2013-01-30,9,3.0,1359532800000
2013-01-30,10,3.0,1359536400000
2013-01-30,11,2.0,1359540000000
2013-01-30,12,3.0,1359543600000
2013-01-30,13,2.0,1359547200000
2013-01-30,14,4.0,1359550800000
2013-01-30,15,7.0,1359554400000
2013-01-30,16,4.0,1359558000000
2013-01-30,17,3.0,1359561600000
2013-01-30,18,3.0,1359565200000
2013-01-30,19,3.0,1359568800000
2013-01-30,20,2.0,1359572400000
2013-01-30,21,8.0,1359576000000
2013-01-30,22,3.0,1359579600000
2013-01-30,23,3.0,1359583200000
2013-01-31,0,2.0,1359586800000
2013-01-31,1,3.0,1359590400000
2013-01-31,2,3.0,1359594000000
2013-01-31,3,3.0,1359597600000
2013-01-31,4,2.0,1359601200000
2013-01-31,5,4.0,1359604800000
2013-01-31,6,12.0,1359608400000
2013-01-31,7,3.0,1359612000000
2013-01-31,8,2.0,1359615600000
2013-01-31,9,3.0,1359619200000
2013-01-31,10,3.0,1359622800000
2013-01-31,11,3.0,1359626400000
2013-01-31,12,3.0,1359630000000
2013-01-31,13,3.0,1359633600000
2013-01-31,14,4.0,1359637200000
2013-01-31,15,4.0,1359640800000
2013-01-31,16,3.0,1359644400000
2013-01-31,17,6.0,1359648000000
2013-01-31,18,3.0,1359651600000
2013-01-31,19,10.0,1359655200000
2013-01-31,20,3.0,1359658800000
2013-01-31,21,7.0,1359662400000
2013-01-31,22,3.0,1359666000000
2013-01-31,23,4.0,1359669600000
2013-02-01,0,2.0,1359673200000
2013-02-01,1,4.0,1359676800000
2013-02-01,2,3.0,1359680400000
2013-02-01,3,4.0,1359684000000
2013-02-01,4,3.0,1359687600000
2013-02-01,5,4.0,1359691200000
2013-02-01,6,8.0,1359694800000
2013-02-01,7,5.0,1359698400000
2013-02-01,8,4.0,1359702000000
2013-02-01,9,4.0,1359705600000
2013-02-01,10,4.0,1359709200000
2013-02-01,11,4.0,1359712800000
2013-02-01,12,5.0,1359716400000
2013-02-01,13,5.0,1359720000000
2013-02-01,14,5.0,1359723600000
2013-02-01,15,7.0,1359727200000
2013-02-01,16,7.0,1359730800000
2013-02-01,17,5.0,1359734400000
2013-02-01,18,5.0,1359738000000
2013-02-01,19,3.0,1359741600000
2013-02-01,20,5.0,1359745200000
2013-02-01,21,4.0,1359748800000
2013-02-01,22,5.0,1359752400000
2013-02-01,23,4.0,1359756000000
2013-02-02,0,5.0,1359759600000
2013-02-02,1,5.0,1359763200000
2013-02-02,2,4.0,1359766800000
2013-02-02,3,6.0,1359770400000
2013-02-02,4,5.0,1359774000000
2013-02-02,5,5.0,1359777600000
2013-02-02,6,5.0,1359781200000
2013-02-02,7,10.0,1359784800000
2013-02-02,8,5.0,1359788400000
2013-02-02,9,10.0,1359792000000
2013-02-02,10,5.0,1359795600000
2013-02-02,11,4.0,1359799200000
2013-02-02,12,4.0,1359802800000
2013-02-02,13,3.0,1359806400000
2013-02-02,14,4.0,1359810000000
2013-02-02,15,4.0,1359813600000
2013-02-02,16,4.0,1359817200000
2013-02-02,17,4.0,1359820800000
2013-02-02,18,6.0,1359824400000
2013-02-02,19,4.0,1359828000000
2013-02-02,20,5.0,1359831600000
2013-02-02,21,5.0,1359835200000
2013-02-02,22,4.0,1359838800000
2013-02-02,23,4.5,1359842400000
2013-02-03,0,4.5,1359846000000
2013-02-03,1,4.0,1359849600000
2013-02-03,2,4.0,1359853200000
2013-02-03,3,5.0,1359856800000
2013-02-03,4,5.0,1359860400000
2013-02-03,5,6.0,1359864000000
2013-02-03,6,5.0,1359867600000
2013-02-03,7,6.0,1359871200000
2013-02-03,8,16.0,1359874800000
2013-02-03,9,5.0,1359878400000
2013-02-03,10,6.0,1359882000000
2013-02-03,11,6.0,1359885600000
2013-02-03,12,9.0,1359889200000
2013-02-03,13,7.0,1359892800000
2013-02-03,14,7.0,1359896400000
2013-02-03,15,8.0,1359900000000
2013-02-03,16,7.0,1359903600000
2013-02-03,17,9.0,1359907200000
2013-02-03,18,18.0,1359910800000
2013-02-03,19,10.0,1359914400000
2013-02-03,20,8.0,1359918000000
2013-02-03,21,9.0,1359921600000
2013-02-03,22,7.0,1359925200000
2013-02-03,23,7.0,1359928800000
2013-02-04,0,7.0,1359932400000
2013-02-04,1,7.0,1359936000000
2013-02-04,2,7.0,1359939600000
2013-02-04,3,6.0,1359943200000
2013-02-04,4,7.0,1359946800000
2013-02-04,5,8.0,1359950400000
2013-02-04,6,9.0,1359954000000
2013-02-04,7,8.0,1359957600000
2013-02-04,8,6.0,1359961200000
2013-02-04,9,8.0,1359964800000
2013-02-04,10,6.0,1359968400000
2013-02-04,11,4.0,1359972000000
2013-02-04,12,4.0,1359975600000
2013-02-04,13,5.0,1359979200000
2013-02-04,14,4.0,1359982800000
2013-02-04,15,4.0,1359986400000
2013-02-04,16,5.0,1359990000000
2013-02-04,17,5.0,1359993600000
2013-02-04,18,4.0,1359997200000
2013-02-04,19,4.0,1360000800000
2013-02-04,20,9.0,1360004400000
2013-02-04,21,5.0,1360008000000
2013-02-04,22,3.0,1360011600000
2013-02-04,23,4.0,1360015200000
2013-02-05,0,4.0,1360018800000
2013-02-05,1,4.0,1360022400000
2013-02-05,2,4.0,1360026000000
2013-02-05,3,5.0,1360029600000
2013-02-05,4,4.0,1360033200000
2013-02-05,5,6.0,1360036800000
2013-02-05,6,8.0,1360040400000
2013-02-05,7,9.0,1360044000000
2013-02-05,8,4.0,1360047600000
2013-02-05,9,5.0,1360051200000
2013-02-05,10,3.0,1360054800000
2013-02-05,11,5.0,1360058400000
2013-02-05,12,4.0,1360062000000
2013-02-05,13,4.0,1360065600000
2013-02-05,14,5.0,1360069200000
2013-02-05,15,5.0,1360072800000
2013-02-05,16,6.0,1360076400000
2013-02-05,17,5.0,1360080000000
2013-02-05,18,9.0,1360083600000
2013-02-05,19,6.0,1360087200000
2013-02-05,20,0.0,1360090800000
2013-02-05,21,0.0,1360094400000
2013-02-05,22,0.0,1360098000000
2013-02-05,23,0.0,1360101600000
2013-02-06,0,0.0,1360105200000
2013-02-06,1,0.0,1360108800000
2013-02-06,2,0.0,1360112400000
2013-02-06,3,0.0,1360116000000
2013-02-06,4,0.0,1360119600000
2013-02-06,5,0.0,1360123200000
2013-02-06,6,0.0,1360126800000
2013-02-06,7,0.0,1360130400000
2013-02-06,8,0.0,1360134000000
2013-02-06,9,0.0,1360137600000
2013-02-06,10,0.0,1360141200000
2013-02-06,11,0.0,1360144800000
2013-02-06,12,0.0,1360148400000
2013-02-06,13,0.0,1360152000000
2013-02-06,14,0.0,1360155600000
2013-02-06,15,0.0,1360159200000
2013-02-06,16,0.0,1360162800000
2013-02-06,17,0.0,1360166400000
2013-02-06,18,0.0,1360170000000
2013-02-06,19,0.0,1360173600000
2013-02-06,20,0.0,1360177200000
2013-02-06,21,0.0,1360180800000
2013-02-06,22,0.0,1360184400000
2013-02-06,23,0.0,1360188000000
2013-02-07,0,0.0,1360191600000
2013-02-07,1,0.0,1360195200000
2013-02-07,2,0.0,1360198800000
2013-02-07,3,0.0,1360202400000
2013-02-07,4,0.0,1360206000000
2013-02-07,5,0.0,1360209600000
2013-02-07,6,0.0,1360213200000
2013-02-07,7,0.0,1360216800000
2013-02-07,8,0.0,1360220400000
2013-02-07,9,0.0,1360224000000
2013-02-07,10,0.0,1360227600000
2013-02-07,11,0.0,1360231200000
2013-02-07,12,0.0,1360234800000
2013-02-07,13,0.0,1360238400000
2013-02-07,14,0.0,1360242000000
2013-02-07,15,0.0,1360245600000
2013-02-07,16,0.0,1360249200000
2013-02-07,17,0.0,1360252800000
2013-02-07,18,0.0,1360256400000
2013-02-07,19,0.0,1360260000000
2013-02-07,20,0.0,1360263600000
2013-02-07,21,0.0,1360267200000
2013-02-07,22,0.0,1360270800000
2013-02-07,23,0.0,1360274400000
2013-02-08,0,0.0,1360278000000
2013-02-08,1,6.0,1360281600000
2013-02-08,2,6.0,1360285200000
2013-02-08,3,7.0,1360288800000
2013-02-08,4,6.0,1360292400000
2013-02-08,5,6.0,1360296000000
2013-02-08,6,9.0,1360299600000
2013-02-08,7,11.0,1360303200000
2013-02-08,8,7.0,1360306800000
2013-02-08,9,8.0,1360310400000
2013-02-08,10,7.0,1360314000000
2013-02-08,11,7.0,1360317600000
2013-02-08,12,7.0,1360321200000
2013-02-08,13,7.0,1360324800000
2013-02-08,14,8.0,1360328400000
2013-02-08,15,7.0,1360332000000
2013-02-08,16,7.0,1360335600000
2013-02-08,17,8.0,1360339200000
2013-02-08,18,7.0,1360342800000
2013-02-08,19,7.5,1360346400000
2013-02-08,20,7.5,1360350000000
2013-02-08,21,8.0,1360353600000
2013-02-08,22,8.0,1360357200000
2013-02-08,23,7.0,1360360800000
2013-02-09,0,8.0,1360364400000
2013-02-09,1,7.0,1360368000000
2013-02-09,2,6.0,1360371600000
2013-02-09,3,7.0,1360375200000
2013-02-09,4,7.0,1360378800000
2013-02-09,5,8.0,1360382400000
2013-02-09,6,8.0,1360386000000
2013-02-09,7,8.0,1360389600000
2013-02-09,8,8.0,1360393200000
2013-02-09,9,13.0,1360396800000
2013-02-09,10,8.0,1360400400000
2013-02-09,11,9.0,1360404000000
2013-02-09,12,8.0,1360407600000
2013-02-09,13,7.0,1360411200000
2013-02-09,14,11.0,1360414800000
2013-02-09,15,12.0,1360418400000
2013-02-09,16,10.0,1360422000000
2013-02-09,17,11.0,1360425600000
2013-02-09,18,7.0,1360429200000
2013-02-09,19,6.0,1360432800000
2013-02-09,20,7.0,1360436400000
2013-02-09,21,6.0,1360440000000
2013-02-09,22,6.0,1360443600000
2013-02-09,23,7.0,1360447200000
2013-02-10,0,7.0,1360450800000
2013-02-10,1,7.0,1360454400000
2013-02-10,2,6.0,1360458000000
2013-02-10,3,7.0,1360461600000
2013-02-10,4,6.0,1360465200000
2013-02-10,5,7.0,1360468800000
2013-02-10,6,6.0,1360472400000
2013-02-10,7,7.0,1360476000000
2013-02-10,8,8.0,1360479600000
2013-02-10,9,6.0,1360483200000
2013-02-10,10,7.0,1360486800000
2013-02-10,11,13.0,1360490400000
2013-02-10,12,7.0,1360494000000
2013-02-10,13,6.0,1360497600000
2013-02-10,14,5.0,1360501200000
2013-02-10,15,5.0,1360504800000
2013-02-10,16,6.0,1360508400000
2013-02-10,17,5.0,1360512000000
2013-02-10,18,7.0,1360515600000
2013-02-10,19,16.0,1360519200000
2013-02-10,20,5.0,1360522800000
2013-02-10,21,6.0,1360526400000
2013-02-10,22,5.0,1360530000000
2013-02-10,23,6.0,1360533600000
2013-02-11,0,5.0,1360537200000
2013-02-11,1,6.0,1360540800000
2013-02-11,2,6.0,1360544400000
2013-02-11,3,6.0,1360548000000
2013-02-11,4,6.0,1360551600000
2013-02-11,5,6.0,1360555200000
2013-02-11,6,6.0,1360558800000
2013-02-11,7,12.0,1360562400000
2013-02-11,8,6.0,1360566000000
2013-02-11,9,6.0,1360569600000
2013-02-11,10,6.0,1360573200000
2013-02-11,11,6.0,1360576800000
2013-02-11,12,6.0,1360580400000
2013-02-11,13,5.0,1360584000000
2013-02-11,14,6.0,1360587600000
2013-02-11,15,6.0,1360591200000
2013-02-11,16,6.0,1360594800000
2013-02-11,17,12.0,1360598400000
2013-02-11,18,6.0,1360602000000
2013-02-11,19,6.0,1360605600000
2013-02-11,20,6.0,1360609200000
2013-02-11,21,9.0,1360612800000
2013-02-11,22,11.0,1360616400000
2013-02-11,23,6.0,1360620000000
2013-02-12,0,6.0,1360623600000
2013-02-12,1,5.0,1360627200000
2013-02-12,2,6.0,1360630800000
2013-02-12,3,6.0,1360634400000
2013-02-12,4,6.0,1360638000000
2013-02-12,5,6.0,1360641600000
2013-02-12,6,7.0,1360645200000
2013-02-12,7,14.0,1360648800000
2013-02-12,8,6.0,1360652400000
2013-02-12,9,7.0,1360656000000
2013-02-12,10,6.0,1360659600000
2013-02-12,11,5.0,1360663200000
2013-02-12,12,6.0,1360666800000
2013-02-12,13,5.0,1360670400000
2013-02-12,14,6.0,1360674000000
2013-02-12,15,16.0,1360677600000
2013-02-12,16,7.0,1360681200000
2013-02-12,17,5.0,1360684800000
2013-02-12,18,6.0,1360688400000
2013-02-12,19,7.0,1360692000000
2013-02-12,20,4.0,1360695600000
2013-02-12,21,5.0,1360699200000
2013-02-12,22,6.0,1360702800000
2013-02-12,23,5.0,1360706400000
2013-02-13,0,5.0,1360710000000
2013-02-13,1,5.0,1360713600000
2013-02-13,2,5.0,1360717200000
2013-02-13,3,6.0,1360720800000
2013-02-13,4,5.0,1360724400000
2013-02-13,5,6.0,1360728000000
2013-02-13,6,10.0,1360731600000
2013-02-13,7,12.0,1360735200000
2013-02-13,8,5.0,1360738800000
2013-02-13,9,5.0,1360742400000
2013-02-13,10,5.0,1360746000000
2013-02-13,11,5.0,1360749600000
2013-02-13,12,4.0,1360753200000
2013-02-13,13,4.0,1360756800000
2013-02-13,14,4.0,1360760400000
2013-02-13,15,4.0,1360764000000
2013-02-13,16,3.0,1360767600000
2013-02-13,17,4.0,1360771200000
2013-02-13,18,5.0,1360774800000
2013-02-13,19,3.0,1360778400000
2013-02-13,20,3.0,1360782000000
2013-02-13,21,3.0,1360785600000
2013-02-13,22,4.0,1360789200000
2013-02-13,23,5.0,1360792800000
2013-02-14,0,4.0,1360796400000
2013-02-14,1,3.0,1360800000000
2013-02-14,2,4.0,1360803600000
2013-02-14,3,3.0,1360807200000
2013-02-14,4,3.0,1360810800000
2013-02-14,5,4.0,1360814400000
2013-02-14,6,7.0,1360818000000
2013-02-14,7,4.0,1360821600000
2013-02-14,8,3.0,1360825200000
2013-02-14,9,3.0,1360828800000
2013-02-14,10,3.0,1360832400000
2013-02-14,11,3.0,1360836000000
2013-02-14,12,3.0,1360839600000
2013-02-14,13,3.0,1360843200000
2013-02-14,14,3.0,1360846800000
2013-02-14,15,3.0,1360850400000
2013-02-14,16,3.0,1360854000000
2013-02-14,17,4.0,1360857600000
2013-02-14,18,3.0,1360861200000
2013-02-14,19,5.0,1360864800000
2013-02-14,20,2.0,1360868400000
2013-02-14,21,3.0,1360872000000
2013-02-14,22,3.0,1360875600000
2013-02-14,23,3.0,1360879200000
2013-02-15,0,3.0,1360882800000
2013-02-15,1,3.0,1360886400000
2013-02-15,2,3.0,1360890000000
2013-02-15,3,3.0,1360893600000
2013-02-15,4,3.0,1360897200000
2013-02-15,5,3.0,1360900800000
2013-02-15,6,8.0,1360904400000
2013-02-15,7,13.0,1360908000000
2013-02-15,8,3.0,1360911600000
2013-02-15,9,1.0,1360915200000
2013-02-15,10,1.0,1360918800000
2013-02-15,11,0.0,1360922400000
2013-02-15,12,0.0,1360926000000
2013-02-15,13,0.0,1360929600000
2013-02-15,14,4.0,1360933200000
2013-02-15,15,4.0,1360936800000
2013-02-15,16,3.0,1360940400000
2013-02-15,17,3.0,1360944000000
2013-02-15,18,3.0,1360947600000
2013-02-15,19,3.0,1360951200000
2013-02-15,20,3.0,1360954800000
2013-02-15,21,3.0,1360958400000
2013-02-15,22,3.0,1360962000000
2013-02-15,23,3.0,1360965600000
2013-02-16,0,3.0,1360969200000
2013-02-16,1,2.0,1360972800000
2013-02-16,2,3.0,1360976400000
2013-02-16,3,3.0,1360980000000
2013-02-16,4,3.0,1360983600000
2013-02-16,5,3.0,1360987200000
2013-02-16,6,3.0,1360990800000
2013-02-16,7,3.0,1360994400000
2013-02-16,8,3.0,1360998000000
2013-02-16,9,8.0,1361001600000
2013-02-16,10,3.0,1361005200000
2013-02-16,11,4.0,1361008800000
2013-02-16,12,3.0,1361012400000
2013-02-16,13,5.0,1361016000000
2013-02-16,14,3.0,1361019600000
2013-02-16,15,3.0,1361023200000
2013-02-16,16,3.0,1361026800000
2013-02-16,17,5.0,1361030400000
2013-02-16,18,5.0,1361034000000
2013-02-16,19,6.0,1361037600000
2013-02-16,20,4.0,1361041200000
2013-02-16,21,4.0,1361044800000
2013-02-16,22,4.0,1361048400000
2013-02-16,23,5.0,1361052000000
2013-02-17,0,4.0,1361055600000
2013-02-17,1,4.0,1361059200000
2013-02-17,2,5.0,1361062800000
2013-02-17,3,4.0,1361066400000
2013-02-17,4,5.0,1361070000000
2013-02-17,5,5.0,1361073600000
2013-02-17,6,5.0,1361077200000
2013-02-17,7,4.0,1361080800000
2013-02-17,8,5.0,1361084400000
2013-02-17,9,4.0,1361088000000
2013-02-17,10,21.0,1361091600000
2013-02-17,11,4.0,1361095200000
2013-02-17,12,4.0,1361098800000
2013-02-17,13,7.0,1361102400000
2013-02-17,14,11.0,1361106000000
2013-02-17,15,5.0,1361109600000
2013-02-17,16,5.0,1361113200000
2013-02-17,17,5.0,1361116800000
2013-02-17,18,4.0,1361120400000
2013-02-17,19,10.0,1361124000000
2013-02-17,20,6.0,1361127600000
2013-02-17,21,5.0,1361131200000
2013-02-17,22,4.0,1361134800000
2013-02-17,23,4.0,1361138400000
2013-02-18,0,4.0,1361142000000
2013-02-18,1,5.0,1361145600000
2013-02-18,2,4.0,1361149200000
2013-02-18,3,5.0,1361152800000
2013-02-18,4,5.0,1361156400000
2013-02-18,5,5.0,1361160000000
2013-02-18,6,4.0,1361163600000
2013-02-18,7,7.0,1361167200000
2013-02-18,8,5.0,1361170800000
2013-02-18,9,5.0,1361174400000
2013-02-18,10,4.0,1361178000000
2013-02-18,11,4.0,1361181600000
2013-02-18,12,4.0,1361185200000
2013-02-18,13,4.0,1361188800000
2013-02-18,14,3.0,1361192400000
2013-02-18,15,3.0,1361196000000
2013-02-18,16,6.0,1361199600000
2013-02-18,17,6.0,1361203200000
2013-02-18,18,9.0,1361206800000
2013-02-18,19,3.0,1361210400000
2013-02-18,20,4.0,1361214000000
2013-02-18,21,8.0,1361217600000
2013-02-18,22,4.0,1361221200000
2013-02-18,23,4.0,1361224800000
2013-02-19,0,3.0,1361228400000
2013-02-19,1,4.0,1361232000000
2013-02-19,2,4.0,1361235600000
2013-02-19,3,4.0,1361239200000
2013-02-19,4,4.0,1361242800000
2013-02-19,5,5.0,1361246400000
2013-02-19,6,5.0,1361250000000
2013-02-19,7,6.0,1361253600000
2013-02-19,8,6.0,1361257200000
2013-02-19,9,6.0,1361260800000
2013-02-19,10,4.0,1361264400000
2013-02-19,11,5.0,1361268000000
2013-02-19,12,4.0,1361271600000
2013-02-19,13,4.0,1361275200000
2013-02-19,14,4.0,1361278800000
2013-02-19,15,4.0,1361282400000
2013-02-19,16,5.0,1361286000000
2013-02-19,17,13.0,1361289600000
2013-02-19,18,5.0,1361293200000
2013-02-19,19,5.0,1361296800000
2013-02-19,20,6.0,1361300400000
2013-02-19,21,5.0,1361304000000
2013-02-19,22,6.0,1361307600000
2013-02-19,23,6.0,1361311200000
2013-02-20,0,6.0,1361314800000
2013-02-20,1,6.0,1361318400000
2013-02-20,2,6.0,1361322000000
2013-02-20,3,7.0,1361325600000
2013-02-20,4,6.0,1361329200000
2013-02-20,5,7.0,1361332800000
2013-02-20,6,11.0,1361336400000
2013-02-20,7,8.0,1361340000000
2013-02-20,8,6.0,1361343600000
2013-02-20,9,7.0,1361347200000
2013-02-20,10,6.0,1361350800000
2013-02-20,11,5.0,1361354400000
2013-02-20,12,13.0,1361358000000
2013-02-20,13,5.0,1361361600000
2013-02-20,14,12.0,1361365200000
2013-02-20,15,5.0,1361368800000
2013-02-20,16,6.0,1361372400000
2013-02-20,17,6.0,1361376000000
2013-02-20,18,6.0,1361379600000
2013-02-20,19,6.0,1361383200000
2013-02-20,20,5.0,1361386800000
2013-02-20,21,6.0,1361390400000
2013-02-20,22,6.0,1361394000000
2013-02-20,23,5.0,1361397600000
2013-02-21,0,5.0,1361401200000
2013-02-21,1,5.0,1361404800000
2013-02-21,2,5.0,1361408400000
2013-02-21,3,5.0,1361412000000
2013-02-21,4,4.0,1361415600000
2013-02-21,5,5.0,1361419200000
2013-02-21,6,5.0,1361422800000
2013-02-21,7,5.0,1361426400000
